0 0.689323 0.192130 0.152604 0.110185
1 0.469010 0.562963 0.009896 0.012963
1 0.506771 0.574537 0.026042 0.032407
1 0.475781 0.609722 0.018229 0.019444
1 0.551302 0.563426 0.026562 0.037963
1 0.616927 0.540278 0.028646 0.043519
1 0.587760 0.601389 0.024479 0.032407
1 0.546875 0.636574 0.017708 0.025000
1 0.662760 0.469907 0.021354 0.026852
1 0.856510 0.500463 0.014063 0.017593
1 0.899740 0.603241 0.021354 0.028704
1 0.849479 0.630556 0.017708 0.031481
1 0.833333 0.556944 0.019792 0.025000
1 0.459375 0.782870 0.031250 0.052778
1 0.671615 0.541667 0.021354 0.042593
1 0.726823 0.516204 0.029687 0.049074
1 0.511979 0.760648 0.026042 0.039815
1 0.776563 0.486111 0.019792 0.037037
1 0.789323 0.568056 0.021354 0.028704
