0 0.702344 0.203241 0.151562 0.115741
1 0.897917 0.610648 0.025000 0.052778
1 0.854167 0.518519 0.020833 0.044444
1 0.852083 0.597685 0.019792 0.056481
1 0.793229 0.511111 0.023958 0.033333
1 0.750521 0.467593 0.019792 0.031481
1 0.679688 0.477778 0.025000 0.037037
1 0.633333 0.524074 0.026042 0.029630
1 0.583073 0.539352 0.024479 0.034259
1 0.536979 0.550000 0.019792 0.033333
1 0.484375 0.589352 0.016667 0.026852
1 0.528646 0.604630 0.019792 0.035185
1 0.500521 0.648611 0.020833 0.036111
1 0.462500 0.774074 0.027083 0.035185
1 0.508594 0.737963 0.027604 0.046296
1 0.550260 0.670370 0.021354 0.038889
1 0.584115 0.610185 0.022396 0.037037
1 0.637500 0.595370 0.022917 0.038889
1 0.689063 0.566204 0.023958 0.041667
1 0.739323 0.574074 0.027604 0.057407
1 0.788802 0.586574 0.029687 0.043519
1 0.718229 0.502778 0.021875 0.035185
1 0.833333 0.655093 0.017708 0.021296
