0 0.822396 0.357407 0.098958 0.127778
1 0.738021 0.407407 0.012500 0.033333
1 0.679688 0.438426 0.010417 0.015741
1 0.709115 0.446759 0.016146 0.023148
1 0.739844 0.454630 0.008854 0.016667
1 0.670312 0.475463 0.011458 0.015741
1 0.700781 0.493981 0.013021 0.021296
1 0.728125 0.501852 0.012500 0.014815
1 0.665625 0.522222 0.013542 0.024074
1 0.695573 0.545833 0.017188 0.032407
1 0.730469 0.553704 0.011979 0.025926
1 0.765885 0.539352 0.010937 0.012037
1 0.764583 0.580093 0.016667 0.026852
1 0.804948 0.578704 0.013021 0.024074
1 0.835938 0.581481 0.017708 0.033333
