0 0.822396 0.361574 0.102083 0.136111
1 0.740885 0.417130 0.010937 0.026852
1 0.690625 0.432407 0.012500 0.018519
1 0.722135 0.458796 0.009896 0.017593
1 0.652604 0.470833 0.014583 0.019444
1 0.682552 0.468056 0.008854 0.017593
1 0.709635 0.489815 0.009896 0.022222
1 0.680990 0.511574 0.007812 0.017593
1 0.658073 0.529167 0.014063 0.030556
1 0.686458 0.561574 0.015625 0.032407
1 0.712760 0.533796 0.008854 0.021296
1 0.727865 0.573611 0.009896 0.023148
1 0.746094 0.619444 0.010937 0.022222
1 0.752344 0.536111 0.014063 0.022222
1 0.773698 0.582407 0.009896 0.025926
1 0.807552 0.573611 0.011979 0.026852
1 0.757812 0.490741 0.025000 0.046296
1 0.839844 0.580093 0.017188 0.026852
