0 0.820312 0.360648 0.092708 0.134259
1 0.726823 0.392593 0.015104 0.012963
1 0.661719 0.424537 0.016146 0.025000
1 0.694010 0.430556 0.016146 0.022222
1 0.732031 0.437963 0.015104 0.024074
1 0.654948 0.476389 0.013021 0.030556
1 0.633594 0.508333 0.009896 0.020370
1 0.657292 0.529630 0.014583 0.018519
1 0.646615 0.568056 0.016146 0.032407
1 0.684635 0.574537 0.017188 0.032407
1 0.687760 0.505093 0.010937 0.021296
1 0.713021 0.480556 0.012500 0.022222
1 0.717448 0.528704 0.008854 0.020370
1 0.715365 0.568981 0.009896 0.026852
1 0.723177 0.614352 0.011979 0.032407
1 0.743490 0.624537 0.016146 0.026852
1 0.775781 0.606481 0.010937 0.018519
1 0.740365 0.562037 0.011979 0.022222
