0 0.814583 0.355093 0.091667 0.128704
1 0.717448 0.408333 0.010937 0.009259
1 0.679427 0.423611 0.016146 0.021296
1 0.706510 0.450463 0.018229 0.026852
1 0.651823 0.464352 0.018229 0.032407
1 0.675781 0.462963 0.009896 0.022222
1 0.627604 0.506481 0.010417 0.020370
1 0.659896 0.516667 0.010417 0.022222
1 0.651302 0.550463 0.007812 0.019444
1 0.679167 0.577778 0.013542 0.025926
1 0.692448 0.531944 0.009896 0.013889
1 0.697135 0.496296 0.009896 0.012963
1 0.722656 0.509722 0.010937 0.013889
1 0.715104 0.544907 0.006250 0.013889
1 0.703906 0.578241 0.005729 0.004630
1 0.715625 0.606019 0.009375 0.017593
1 0.700781 0.632870 0.011979 0.017593
1 0.730729 0.648611 0.012500 0.021296
1 0.755990 0.618981 0.018229 0.028704
1 0.741146 0.575463 0.008333 0.013889
1 0.752083 0.527315 0.011458 0.023148
1 0.744792 0.462500 0.006250 0.015741
1 0.743750 0.406019 0.011458 0.013889
