0 0.813021 0.350926 0.097917 0.127778
1 0.723698 0.383796 0.010937 0.017593
1 0.741667 0.406481 0.012500 0.035185
1 0.686458 0.393519 0.011458 0.024074
1 0.711198 0.418981 0.018229 0.026852
1 0.661979 0.430093 0.013542 0.021296
1 0.685417 0.445370 0.011458 0.025926
1 0.715104 0.468056 0.015625 0.026852
1 0.747135 0.461111 0.010937 0.025926
1 0.666146 0.469907 0.009375 0.021296
1 0.691146 0.497685 0.012500 0.028704
1 0.647396 0.493056 0.009375 0.015741
1 0.623437 0.501852 0.008333 0.024074
1 0.649740 0.531481 0.009896 0.018519
1 0.629427 0.556944 0.010937 0.023148
1 0.668490 0.554630 0.011979 0.027778
1 0.686458 0.536111 0.008333 0.016667
1 0.694010 0.578704 0.008854 0.024074
1 0.688802 0.631944 0.016146 0.023148
1 0.717969 0.620833 0.017188 0.025000
1 0.731250 0.582407 0.013542 0.016667
1 0.752865 0.630093 0.015104 0.028704
1 0.776823 0.603241 0.010937 0.019444
1 0.801823 0.581481 0.010937 0.024074
1 0.862500 0.463889 0.006250 0.011111
1 0.890625 0.500463 0.012500 0.026852
1 0.860677 0.506019 0.007812 0.019444
1 0.882812 0.549537 0.007292 0.013889
1 0.708333 0.527315 0.007292 0.013889
1 0.734115 0.521296 0.007812 0.011111
1 0.746615 0.571296 0.002604 0.003704
