0 0.812240 0.346759 0.096354 0.132407
1 0.718490 0.371759 0.009896 0.023148
1 0.738021 0.397685 0.014583 0.028704
1 0.684635 0.378704 0.009896 0.020370
1 0.709375 0.412500 0.012500 0.036111
1 0.665365 0.414815 0.010937 0.022222
1 0.687760 0.431019 0.016146 0.028704
1 0.738021 0.452778 0.017708 0.035185
1 0.655990 0.461111 0.009896 0.029630
1 0.685156 0.479630 0.014063 0.024074
1 0.713802 0.483333 0.010937 0.022222
1 0.632031 0.494907 0.006771 0.015741
1 0.658594 0.503241 0.007812 0.017593
1 0.683073 0.527315 0.008854 0.021296
1 0.614323 0.516204 0.009896 0.012037
1 0.643229 0.543981 0.013542 0.025000
1 0.628385 0.565741 0.016146 0.029630
1 0.677865 0.564815 0.008854 0.022222
1 0.659896 0.586574 0.010417 0.017593
1 0.690885 0.617593 0.019271 0.031481
1 0.702865 0.575000 0.008854 0.011111
1 0.723698 0.617593 0.010937 0.025926
1 0.719010 0.661574 0.010937 0.026852
1 0.749740 0.643981 0.014063 0.034259
1 0.767188 0.616667 0.013542 0.020370
1 0.800781 0.603241 0.010937 0.015741
1 0.755990 0.578704 0.010937 0.024074
1 0.732031 0.549537 0.009896 0.017593
1 0.711458 0.535185 0.008333 0.011111
