0 0.803646 0.336574 0.098958 0.137963
1 0.727344 0.377315 0.008854 0.026852
1 0.677865 0.360648 0.008854 0.015741
1 0.700000 0.378241 0.013542 0.019444
1 0.656771 0.385185 0.011458 0.024074
1 0.687760 0.411574 0.010937 0.023148
1 0.655990 0.441204 0.007812 0.026852
1 0.721354 0.423148 0.008333 0.012963
1 0.678646 0.457870 0.012500 0.019444
1 0.709375 0.459259 0.014583 0.025926
1 0.746615 0.450000 0.007812 0.018519
1 0.630729 0.472685 0.009375 0.017593
1 0.663021 0.487500 0.008333 0.021296
1 0.609896 0.505093 0.006250 0.013889
1 0.633073 0.523611 0.008854 0.015741
1 0.659115 0.526852 0.008854 0.022222
1 0.608594 0.538889 0.008854 0.024074
1 0.650000 0.568519 0.014583 0.024074
1 0.684115 0.568056 0.006771 0.012037
1 0.672396 0.602315 0.005208 0.008333
1 0.698177 0.615278 0.009896 0.021296
1 0.685156 0.643981 0.008854 0.021296
1 0.699479 0.674074 0.012500 0.024074
1 0.715365 0.645370 0.009896 0.011111
1 0.731771 0.683796 0.009375 0.021296
1 0.740885 0.631481 0.008854 0.011111
1 0.688281 0.494444 0.007812 0.012963
1 0.690104 0.531481 0.011458 0.022222
1 0.723698 0.503241 0.010937 0.013889
1 0.716927 0.533796 0.006771 0.017593
1 0.719010 0.581944 0.008854 0.017593
1 0.738281 0.590278 0.009896 0.015741
