0 0.801302 0.334722 0.103646 0.130556
1 0.677344 0.382870 0.017188 0.045370
1 0.710677 0.393981 0.017188 0.045370
1 0.663021 0.443519 0.013542 0.038889
1 0.690885 0.448148 0.013021 0.035185
1 0.726823 0.467593 0.019271 0.038889
1 0.597396 0.491667 0.018750 0.035185
1 0.634635 0.487500 0.008854 0.030556
1 0.627604 0.536574 0.012500 0.028704
1 0.664062 0.516204 0.013542 0.039815
1 0.695052 0.521759 0.010937 0.019444
1 0.665104 0.575463 0.012500 0.026852
1 0.691667 0.571759 0.013542 0.026852
1 0.690885 0.623148 0.007812 0.016667
1 0.718229 0.649537 0.014583 0.025000
1 0.664583 0.633333 0.012500 0.012963
1 0.695052 0.669907 0.008854 0.015741
1 0.707552 0.706944 0.008854 0.015741
1 0.728125 0.699074 0.012500 0.025926
1 0.732552 0.517130 0.014063 0.025000
1 0.729427 0.563889 0.011979 0.024074
1 0.745573 0.618056 0.015104 0.026852
1 0.760417 0.512500 0.005208 0.006481
1 0.755208 0.553704 0.005208 0.009259
1 0.773958 0.574537 0.005208 0.006481
1 0.778906 0.619907 0.004687 0.013889
1 0.761458 0.668981 0.005208 0.006481
1 0.739062 0.658333 0.007292 0.007407
1 0.715885 0.607870 0.004687 0.006481
1 0.734375 0.400926 0.007292 0.011111
1 0.755469 0.447685 0.007812 0.008333
