0 0.793229 0.331944 0.101042 0.125000
1 0.671094 0.355556 0.007812 0.012963
1 0.694010 0.366204 0.010937 0.017593
1 0.719531 0.381481 0.009896 0.031481
1 0.654167 0.414815 0.011458 0.022222
1 0.672396 0.413889 0.007292 0.011111
1 0.707552 0.427778 0.008854 0.025926
1 0.730469 0.434722 0.011979 0.021296
1 0.675000 0.462037 0.012500 0.020370
1 0.703125 0.460185 0.007292 0.020370
1 0.733594 0.488889 0.010937 0.020370
1 0.638281 0.467593 0.008854 0.012963
1 0.596615 0.485648 0.007812 0.017593
1 0.628906 0.512037 0.007812 0.012963
1 0.654167 0.512037 0.011458 0.022222
1 0.677865 0.518519 0.008854 0.022222
1 0.703646 0.513889 0.006250 0.016667
1 0.650781 0.557870 0.008854 0.017593
1 0.625781 0.550463 0.008854 0.015741
1 0.680990 0.557870 0.011979 0.021296
1 0.668229 0.591204 0.006250 0.008333
1 0.650781 0.596296 0.008854 0.024074
1 0.675260 0.629630 0.014063 0.027778
1 0.698177 0.625463 0.015104 0.032407
1 0.711719 0.679167 0.017188 0.026852
1 0.688021 0.682407 0.013542 0.024074
1 0.712500 0.563889 0.011458 0.024074
1 0.736719 0.547222 0.011979 0.025926
1 0.734375 0.595833 0.005208 0.017593
1 0.726042 0.640741 0.013542 0.029630
