0 0.790365 0.333333 0.101562 0.133333
1 0.663021 0.336111 0.011458 0.011111
1 0.692448 0.350926 0.016146 0.035185
1 0.651302 0.376389 0.007812 0.028704
1 0.676562 0.401389 0.015625 0.021296
1 0.705729 0.409259 0.012500 0.024074
1 0.655729 0.444907 0.011458 0.028704
1 0.684115 0.457407 0.014063 0.024074
1 0.717708 0.459722 0.011458 0.032407
1 0.631771 0.485185 0.011458 0.025926
1 0.664583 0.498148 0.012500 0.022222
1 0.602083 0.489352 0.013542 0.026852
1 0.628385 0.535185 0.010937 0.020370
1 0.652344 0.533796 0.009896 0.013889
1 0.648177 0.584259 0.010937 0.035185
1 0.674740 0.584722 0.013021 0.030556
1 0.682031 0.631019 0.009896 0.026852
1 0.680208 0.682870 0.020833 0.054630
1 0.728906 0.687963 0.016146 0.048148
1 0.713802 0.615278 0.019271 0.039815
1 0.707031 0.558333 0.015104 0.035185
