0 0.779427 0.322222 0.107813 0.133333
1 0.661719 0.324074 0.013021 0.022222
1 0.685156 0.335648 0.010937 0.017593
1 0.646094 0.377315 0.007812 0.030556
1 0.671615 0.388426 0.014063 0.030556
1 0.695833 0.386574 0.012500 0.026852
1 0.692708 0.432407 0.008333 0.018519
1 0.654427 0.439352 0.014063 0.026852
1 0.627604 0.483333 0.010417 0.018519
1 0.653906 0.483796 0.009896 0.015741
1 0.603906 0.488426 0.009896 0.019444
1 0.620052 0.532870 0.011979 0.019444
1 0.642708 0.520370 0.014583 0.022222
1 0.665625 0.525463 0.006250 0.017593
1 0.643229 0.573611 0.008333 0.017593
1 0.664583 0.589352 0.007292 0.017593
1 0.659896 0.641667 0.010417 0.022222
