0 0.769010 0.317593 0.097396 0.131481
1 0.656771 0.316667 0.009375 0.011111
1 0.676042 0.328704 0.010417 0.018519
1 0.656771 0.371296 0.009375 0.024074
1 0.678906 0.372685 0.008854 0.017593
1 0.700260 0.387500 0.010937 0.025000
1 0.727604 0.420833 0.006250 0.017593
1 0.671354 0.430093 0.006250 0.017593
1 0.705990 0.438889 0.009896 0.022222
1 0.646094 0.439815 0.009896 0.020370
1 0.612760 0.470833 0.007812 0.019444
1 0.588542 0.473611 0.013542 0.028704
1 0.640104 0.477778 0.009375 0.020370
1 0.669792 0.485648 0.005208 0.013889
1 0.616667 0.521296 0.005208 0.011111
1 0.641146 0.512963 0.007292 0.011111
1 0.588021 0.522685 0.005208 0.008333
1 0.640885 0.542130 0.010937 0.017593
1 0.617448 0.568981 0.009896 0.021296
1 0.654948 0.582407 0.007812 0.016667
1 0.639323 0.603241 0.010937 0.023148
1 0.669792 0.633796 0.009375 0.015741
1 0.663021 0.662963 0.008333 0.014815
