0 0.764062 0.321296 0.106250 0.142593
1 0.656771 0.318056 0.006250 0.017593
1 0.676562 0.314815 0.008333 0.011111
1 0.676042 0.349537 0.007292 0.025000
1 0.647396 0.365278 0.009375 0.023148
1 0.669010 0.400463 0.008854 0.012037
1 0.695312 0.402778 0.013542 0.024074
1 0.650000 0.437963 0.010417 0.020370
1 0.676042 0.437963 0.009375 0.014815
1 0.696094 0.438426 0.002604 0.006481
1 0.622656 0.483333 0.009896 0.018519
1 0.656771 0.477315 0.009375 0.019444
1 0.587240 0.470833 0.008854 0.019444
1 0.608333 0.522685 0.008333 0.021296
1 0.636458 0.522685 0.007292 0.008333
1 0.663021 0.518056 0.003125 0.008333
1 0.637240 0.578704 0.003646 0.020370
1 0.639323 0.619444 0.003646 0.012963
1 0.620833 0.573611 0.008333 0.017593
1 0.675260 0.579630 0.008854 0.022222
1 0.663281 0.619907 0.009896 0.021296
1 0.658594 0.577778 0.007812 0.012963
