0 0.753906 0.324074 0.101562 0.137037
1 0.657292 0.299537 0.005208 0.015741
1 0.673698 0.316667 0.009896 0.020370
1 0.650521 0.365278 0.006250 0.019444
1 0.672396 0.380556 0.007292 0.020370
1 0.694792 0.403241 0.005208 0.017593
1 0.665885 0.440278 0.009896 0.025000
1 0.704167 0.450926 0.006250 0.011111
1 0.617708 0.468056 0.009375 0.017593
1 0.576302 0.478241 0.008854 0.017593
1 0.611979 0.519444 0.011458 0.033333
1 0.613542 0.563426 0.011458 0.028704
1 0.642448 0.524074 0.011979 0.027778
1 0.668750 0.507407 0.012500 0.022222
1 0.661198 0.568056 0.007812 0.023148
1 0.640104 0.580093 0.007292 0.017593
1 0.650781 0.619444 0.003646 0.009259
1 0.672396 0.603241 0.005208 0.012037
1 0.620833 0.605093 0.003125 0.006481
