0 0.745052 0.330093 0.113021 0.121296
1 0.658073 0.340741 0.010937 0.024074
1 0.657552 0.392130 0.007812 0.006481
1 0.674740 0.424537 0.013021 0.019444
1 0.702083 0.429630 0.009375 0.024074
1 0.649219 0.446759 0.016146 0.023148
1 0.676042 0.469907 0.012500 0.036111
1 0.601562 0.479167 0.022917 0.030556
1 0.632812 0.490741 0.012500 0.020370
1 0.660677 0.521296 0.010937 0.024074
1 0.628646 0.547685 0.012500 0.017593
1 0.664844 0.559259 0.015104 0.020370
1 0.702083 0.560648 0.014583 0.026852
1 0.676562 0.614352 0.011458 0.023148
1 0.642188 0.612037 0.019792 0.029630
1 0.714323 0.609722 0.017188 0.019444
1 0.692187 0.672685 0.017708 0.023148
1 0.727344 0.663889 0.008854 0.016667
1 0.656250 0.674537 0.017708 0.026852
