0 0.738542 0.331019 0.110417 0.141667
1 0.649479 0.388426 0.008333 0.026852
1 0.668490 0.393981 0.009896 0.025000
1 0.649740 0.435648 0.009896 0.032407
1 0.676042 0.447222 0.012500 0.033333
1 0.708073 0.441204 0.007812 0.026852
1 0.702083 0.499074 0.007292 0.035185
1 0.643229 0.494444 0.008333 0.031481
1 0.672396 0.521296 0.014583 0.033333
1 0.614844 0.471296 0.003646 0.024074
1 0.596094 0.493056 0.005729 0.023148
1 0.621354 0.525463 0.009375 0.017593
1 0.646094 0.556481 0.009896 0.024074
1 0.620833 0.584259 0.008333 0.025926
1 0.677344 0.580093 0.007812 0.026852
1 0.705729 0.585648 0.009375 0.015741
1 0.650000 0.600926 0.005208 0.020370
1 0.650521 0.652778 0.016667 0.044444
1 0.676042 0.648611 0.007292 0.030556
1 0.702604 0.641204 0.006250 0.019444
1 0.720573 0.645370 0.007812 0.024074
1 0.720052 0.682870 0.003646 0.019444
1 0.691927 0.695833 0.009896 0.028704
