0 0.728125 0.336574 0.113542 0.134259
1 0.645573 0.426852 0.010937 0.027778
1 0.667969 0.433333 0.006771 0.020370
1 0.687760 0.450000 0.006771 0.018519
1 0.620052 0.475926 0.007812 0.024074
1 0.643750 0.481019 0.010417 0.023148
1 0.663021 0.491204 0.008333 0.015741
1 0.681250 0.494907 0.006250 0.019444
1 0.627083 0.529630 0.006250 0.022222
1 0.646875 0.530556 0.006250 0.016667
1 0.669792 0.551852 0.005208 0.012963
1 0.684115 0.547685 0.006771 0.017593
1 0.633333 0.578241 0.006250 0.013889
1 0.651563 0.589815 0.006250 0.014815
1 0.676042 0.600000 0.007292 0.016667
1 0.692708 0.602315 0.008333 0.017593
1 0.638281 0.631944 0.010937 0.019444
1 0.661979 0.642593 0.006250 0.024074
1 0.682552 0.648611 0.003646 0.017593
1 0.698698 0.645370 0.003646 0.014815
1 0.657292 0.686574 0.007292 0.017593
1 0.682031 0.682407 0.004687 0.014815
