0 0.714323 0.340741 0.108854 0.135185
1 0.769271 0.587037 0.007292 0.025926
1 0.791146 0.591204 0.007292 0.034259
1 0.806250 0.594907 0.007292 0.019444
1 0.603385 0.508333 0.003646 0.020370
1 0.620573 0.507407 0.008854 0.025926
1 0.645312 0.511574 0.006250 0.013889
1 0.639583 0.570833 0.008333 0.028704
1 0.622396 0.570370 0.007292 0.027778
1 0.664844 0.566204 0.006771 0.015741
1 0.669010 0.613889 0.008854 0.024074
1 0.648698 0.635185 0.009896 0.022222
1 0.631510 0.643056 0.009896 0.025000
1 0.659896 0.679630 0.014583 0.031481
1 0.687760 0.648148 0.006771 0.022222
1 0.700000 0.597685 0.006250 0.021296
1 0.730729 0.603241 0.005208 0.015741
1 0.751563 0.619907 0.005208 0.017593
1 0.732812 0.646296 0.005208 0.016667
1 0.711198 0.632870 0.001563 0.013889
1 0.716146 0.676852 0.006250 0.022222
1 0.701302 0.688426 0.005729 0.021296
1 0.736458 0.678241 0.006250 0.015741
1 0.685677 0.699074 0.002604 0.018519
1 0.658073 0.725926 0.003646 0.012963
1 0.679688 0.742130 0.009375 0.019444
