0 0.700000 0.349074 0.112500 0.127778
1 0.595573 0.481944 0.009896 0.028704
1 0.623177 0.494444 0.008854 0.025926
1 0.646354 0.512500 0.007292 0.019444
1 0.609635 0.550000 0.005729 0.024074
1 0.633854 0.558796 0.005208 0.015741
1 0.655990 0.564815 0.004687 0.009259
1 0.615625 0.600000 0.006250 0.016667
1 0.640885 0.607407 0.008854 0.020370
1 0.675521 0.613889 0.008333 0.024074
1 0.705729 0.607407 0.010417 0.024074
1 0.726302 0.584259 0.010937 0.022222
1 0.764844 0.572685 0.016146 0.025000
1 0.794271 0.586574 0.011458 0.026852
1 0.764062 0.626389 0.007292 0.021296
1 0.739844 0.637037 0.006771 0.022222
1 0.786979 0.638889 0.004167 0.011111
1 0.713281 0.662037 0.007812 0.025926
1 0.680469 0.675000 0.010937 0.022222
1 0.705729 0.693519 0.009375 0.027778
1 0.739062 0.682870 0.007292 0.019444
1 0.736979 0.724074 0.007292 0.024074
1 0.645573 0.665741 0.008854 0.022222
1 0.666667 0.665741 0.008333 0.022222
1 0.626302 0.660648 0.004687 0.025000
1 0.655208 0.715741 0.012500 0.029630
1 0.679167 0.731944 0.006250 0.017593
1 0.709635 0.742130 0.004687 0.019444
