0 0.759635 0.364815 0.130729 0.188889
1 0.817969 0.549074 0.018229 0.044444
1 0.851562 0.573611 0.018750 0.039815
1 0.875521 0.633333 0.027083 0.048148
1 0.821094 0.612500 0.022396 0.041667
1 0.794271 0.662963 0.018750 0.033333
1 0.836719 0.681481 0.021354 0.040741
1 0.777604 0.717130 0.019792 0.043519
1 0.810417 0.728704 0.011458 0.024074
1 0.754687 0.763426 0.020833 0.030556
1 0.652604 0.501852 0.017708 0.024074
1 0.637500 0.544444 0.017708 0.035185
1 0.601562 0.582407 0.019792 0.031481
1 0.570573 0.588426 0.027604 0.039815
1 0.585156 0.643056 0.022396 0.037963
1 0.632031 0.638426 0.026562 0.037963
1 0.595833 0.710648 0.020833 0.030556
1 0.635156 0.702778 0.022396 0.037037
1 0.675260 0.737500 0.023438 0.037963
1 0.629427 0.768519 0.023438 0.029630
