0 0.685417 0.347685 0.112500 0.134259
1 0.592187 0.452315 0.004167 0.021296
1 0.619010 0.456944 0.007812 0.021296
1 0.649740 0.466204 0.009896 0.028704
1 0.676562 0.468981 0.006250 0.015741
1 0.646354 0.529630 0.014583 0.031481
1 0.618229 0.527315 0.006250 0.013889
1 0.595833 0.534259 0.008333 0.022222
1 0.675521 0.533796 0.008333 0.013889
1 0.619792 0.585185 0.006250 0.024074
1 0.642188 0.592130 0.006250 0.015741
1 0.673958 0.591204 0.008333 0.017593
1 0.625000 0.651389 0.005208 0.019444
1 0.650521 0.646296 0.004167 0.022222
1 0.674740 0.637500 0.004687 0.013889
1 0.697135 0.655093 0.004687 0.013889
1 0.670312 0.686111 0.006250 0.018519
1 0.643750 0.707870 0.009375 0.021296
1 0.695833 0.698148 0.005208 0.014815
1 0.680729 0.748611 0.007292 0.019444
