0 0.642969 0.372222 0.122396 0.138889
1 0.605208 0.598148 0.007292 0.012963
1 0.624479 0.599074 0.004167 0.011111
1 0.591146 0.631019 0.001042 0.017593
1 0.613281 0.642130 0.003646 0.013889
1 0.636979 0.655556 0.004167 0.012963
1 0.612240 0.689352 0.001563 0.015741
1 0.593490 0.675926 0.001563 0.014815
1 0.625260 0.692593 0.002604 0.009259
1 0.643229 0.709722 0.001042 0.004630
1 0.611719 0.726389 0.002604 0.015741
1 0.630469 0.735185 0.003646 0.011111
1 0.652083 0.751389 0.006250 0.015741
1 0.639323 0.791667 0.003646 0.016667
1 0.643750 0.605556 0.000000 0.005556
1 0.658073 0.644444 0.001563 0.009259
1 0.678906 0.680093 0.003646 0.019444
1 0.659635 0.674074 0.002604 0.014815
1 0.674219 0.721296 0.003646 0.022222
1 0.693490 0.737037 0.002604 0.009259
1 0.666406 0.781944 0.003646 0.023148
1 0.696875 0.772222 0.005208 0.012963
1 0.723698 0.426389 0.006771 0.017593
1 0.739323 0.423148 0.004687 0.012963
