0 0.626042 0.381944 0.117708 0.145370
1 0.589063 0.608796 0.005208 0.017593
1 0.607292 0.605093 0.008333 0.019444
1 0.584375 0.656944 0.000000 0.008333
1 0.607812 0.654167 0.003125 0.028704
1 0.629687 0.667130 0.006250 0.019444
1 0.618490 0.712963 0.003646 0.022222
1 0.595313 0.706019 0.002083 0.017593
1 0.640104 0.713426 0.002083 0.010185
1 0.635677 0.759259 0.005729 0.022222
1 0.609115 0.767130 0.002604 0.026852
1 0.595573 0.765741 0.002604 0.022222
1 0.620573 0.796296 0.003646 0.012963
1 0.640625 0.811111 0.006250 0.022222
1 0.657292 0.763889 0.005208 0.020370
1 0.663021 0.702778 0.004167 0.024074
1 0.715365 0.431481 0.009896 0.027778
1 0.730469 0.424074 0.009896 0.022222
1 0.707031 0.504167 0.007812 0.023148
1 0.717969 0.479630 0.004687 0.011111
1 0.689844 0.480556 0.002604 0.012963
