0 0.751042 0.364815 0.129167 0.185185
1 0.642448 0.496759 0.019271 0.030556
1 0.598437 0.545370 0.020833 0.035185
1 0.645052 0.567593 0.020313 0.046296
1 0.522396 0.570370 0.025000 0.046296
1 0.566146 0.616204 0.023958 0.041667
1 0.524740 0.656019 0.015104 0.028704
1 0.608073 0.639352 0.022396 0.039815
1 0.570052 0.697685 0.014063 0.028704
1 0.614583 0.722222 0.016667 0.033333
1 0.583854 0.780556 0.018750 0.031481
1 0.632031 0.795833 0.025521 0.039815
1 0.520312 0.725463 0.018750 0.030556
1 0.676562 0.782407 0.018750 0.035185
1 0.714323 0.815741 0.017188 0.025926
1 0.753906 0.806944 0.017188 0.030556
1 0.782552 0.766204 0.022396 0.037963
1 0.786198 0.687037 0.017188 0.027778
1 0.825000 0.750926 0.025000 0.046296
1 0.906250 0.662037 0.018750 0.031481
1 0.931510 0.691667 0.015104 0.027778
1 0.874479 0.695833 0.012500 0.028704
1 0.856771 0.626852 0.019792 0.035185
1 0.829427 0.568981 0.016146 0.026852
1 0.801042 0.627315 0.014583 0.019444
1 0.832812 0.669444 0.015625 0.027778
1 0.804948 0.540741 0.015104 0.035185
