0 0.746615 0.357870 0.128646 0.180556
1 0.496094 0.552315 0.015104 0.015741
1 0.524740 0.560648 0.019271 0.030556
1 0.480729 0.603241 0.020833 0.032407
1 0.524219 0.623148 0.023438 0.037037
1 0.476302 0.676852 0.015104 0.022222
1 0.471615 0.735185 0.022396 0.037037
1 0.496875 0.802778 0.020833 0.031481
1 0.535156 0.835648 0.021354 0.030556
1 0.554688 0.782407 0.025000 0.035185
1 0.608333 0.810185 0.020833 0.033333
1 0.577865 0.857870 0.024479 0.043519
1 0.563542 0.697222 0.033333 0.057407
1 0.575521 0.621296 0.022917 0.046296
1 0.611458 0.712500 0.025000 0.034259
1 0.632031 0.508333 0.023438 0.033333
1 0.628906 0.597685 0.024479 0.039815
1 0.589063 0.544907 0.017708 0.030556
1 0.681250 0.506019 0.019792 0.032407
1 0.679167 0.576852 0.020833 0.029630
1 0.678385 0.651389 0.022396 0.028704
1 0.657292 0.748611 0.032292 0.037963
1 0.891667 0.595370 0.021875 0.035185
1 0.925521 0.650463 0.026042 0.043519
1 0.883854 0.674074 0.028125 0.042593
1 0.928125 0.740741 0.031250 0.048148
1 0.821094 0.564352 0.020313 0.026852
1 0.836458 0.630093 0.031250 0.050926
1 0.698438 0.723611 0.021875 0.030556
1 0.726562 0.494444 0.026042 0.035185
1 0.512760 0.719907 0.030729 0.054630
