0 0.758333 0.360648 0.138542 0.189815
1 0.452604 0.556944 0.014583 0.015741
1 0.487500 0.574537 0.021875 0.032407
1 0.527083 0.604167 0.017708 0.030556
1 0.448437 0.616667 0.016667 0.024074
1 0.489844 0.645370 0.017188 0.027778
1 0.457552 0.680556 0.015104 0.027778
1 0.426042 0.710185 0.015625 0.022222
1 0.469531 0.767130 0.019271 0.039815
1 0.495833 0.704630 0.013542 0.020370
1 0.531510 0.782870 0.016146 0.026852
1 0.538021 0.857870 0.019792 0.039815
1 0.542188 0.667593 0.014583 0.020370
1 0.577083 0.723148 0.012500 0.022222
1 0.573698 0.785648 0.019271 0.030556
1 0.541406 0.722222 0.016146 0.020370
1 0.586458 0.852778 0.025000 0.037037
1 0.584896 0.586574 0.023958 0.039815
1 0.609896 0.527315 0.026042 0.034259
1 0.658594 0.500463 0.022396 0.030556
1 0.658594 0.570370 0.020313 0.033333
1 0.633333 0.609259 0.018750 0.035185
1 0.597396 0.652778 0.020833 0.025926
1 0.639323 0.706019 0.028646 0.039815
1 0.625781 0.780556 0.021354 0.031481
1 0.898177 0.623148 0.015104 0.027778
1 0.924740 0.677315 0.018229 0.030556
1 0.924740 0.772222 0.023438 0.048148
1 0.698958 0.499537 0.022917 0.028704
1 0.708073 0.577315 0.024479 0.041667
1 0.674740 0.665278 0.013021 0.025000
1 0.782552 0.544907 0.015104 0.030556
1 0.834115 0.558333 0.019271 0.035185
1 0.688281 0.728704 0.011979 0.024074
1 0.658073 0.777778 0.018229 0.020370
1 0.659115 0.845833 0.021354 0.032407
1 0.626823 0.869907 0.016146 0.037963
1 0.735417 0.508796 0.017708 0.028704
