0 0.778385 0.368519 0.128646 0.185185
1 0.424219 0.535648 0.015104 0.026852
1 0.465625 0.558333 0.020833 0.031481
1 0.398698 0.597222 0.018229 0.024074
1 0.438281 0.611111 0.016146 0.031481
1 0.481510 0.630556 0.017188 0.031481
1 0.404427 0.656019 0.011979 0.032407
1 0.442188 0.680093 0.020833 0.028704
1 0.427865 0.735185 0.020313 0.037037
1 0.390365 0.707870 0.016146 0.036111
1 0.361719 0.760185 0.018229 0.037037
1 0.396875 0.775000 0.017708 0.033333
1 0.330729 0.779630 0.020833 0.040741
1 0.330729 0.849074 0.020833 0.035185
1 0.367708 0.828704 0.018750 0.035185
1 0.479948 0.762037 0.024479 0.050000
1 0.477604 0.707870 0.014583 0.026852
1 0.523698 0.715741 0.022396 0.046296
1 0.565625 0.686111 0.021875 0.044444
1 0.535677 0.637963 0.017188 0.046296
1 0.509375 0.577778 0.013542 0.022222
1 0.584115 0.525000 0.022396 0.035185
1 0.634635 0.518519 0.023438 0.035185
1 0.616667 0.576852 0.019792 0.033333
1 0.581250 0.618519 0.020833 0.042593
1 0.521875 0.784259 0.018750 0.027778
1 0.513021 0.853704 0.020833 0.035185
1 0.551302 0.855556 0.026562 0.048148
1 0.570573 0.782407 0.024479 0.046296
1 0.900521 0.654167 0.017708 0.028704
1 0.931510 0.690278 0.015104 0.036111
1 0.891927 0.703704 0.015104 0.025926
1 0.922917 0.746296 0.019792 0.046296
1 0.883073 0.747685 0.015104 0.036111
1 0.897396 0.814815 0.020833 0.046296
1 0.932292 0.834722 0.020833 0.050926
1 0.910417 0.900000 0.019792 0.031481
1 0.624479 0.638426 0.015625 0.032407
1 0.611458 0.705556 0.025000 0.035185
1 0.616146 0.778241 0.019792 0.039815
1 0.588542 0.854167 0.013542 0.015741
