0 0.540365 0.473148 0.132812 0.138889
1 0.581250 0.644907 0.004167 0.019444
1 0.601562 0.647222 0.009375 0.024074
1 0.563021 0.683333 0.007292 0.022222
1 0.579427 0.692593 0.007812 0.025926
1 0.599740 0.704630 0.005729 0.014815
1 0.623958 0.696759 0.009375 0.021296
1 0.551042 0.725463 0.006250 0.021296
1 0.575000 0.748611 0.008333 0.019444
1 0.600260 0.748611 0.002604 0.010185
1 0.623698 0.752315 0.004687 0.017593
1 0.543229 0.778241 0.002083 0.008333
1 0.576042 0.808333 0.008333 0.024074
1 0.608854 0.791667 0.007292 0.016667
1 0.598437 0.831481 0.006250 0.022222
