0 0.667188 0.177315 0.157292 0.108333
1 0.901563 0.611111 0.014583 0.022222
1 0.923958 0.674074 0.019792 0.042593
1 0.875000 0.660648 0.020833 0.041667
1 0.858854 0.589352 0.015625 0.030556
1 0.869010 0.526389 0.016146 0.028704
1 0.460677 0.581481 0.021354 0.037037
1 0.485156 0.630556 0.017188 0.031481
1 0.516146 0.592130 0.021875 0.028704
1 0.559375 0.579167 0.022917 0.037963
1 0.459115 0.631944 0.015104 0.023148
1 0.610417 0.565741 0.025000 0.042593
1 0.575000 0.655556 0.023958 0.035185
1 0.512760 0.705556 0.028646 0.048148
1 0.653125 0.496296 0.023958 0.035185
1 0.835156 0.647222 0.016146 0.037037
1 0.816146 0.582870 0.034375 0.052778
1 0.617969 0.711574 0.022396 0.032407
1 0.574219 0.731944 0.022396 0.039815
1 0.742188 0.483333 0.023958 0.053704
1 0.698958 0.500926 0.018750 0.025926
1 0.776042 0.543981 0.020833 0.032407
