0 0.782292 0.375926 0.131250 0.185185
1 0.395573 0.502778 0.017188 0.009259
1 0.427604 0.525926 0.013542 0.024074
1 0.388281 0.541667 0.019271 0.029630
1 0.428646 0.569444 0.016667 0.022222
1 0.462760 0.576852 0.019271 0.016667
1 0.390885 0.593519 0.015104 0.025926
1 0.423698 0.617593 0.014063 0.022222
1 0.463281 0.623611 0.021354 0.028704
1 0.375781 0.639815 0.015104 0.022222
1 0.412760 0.663889 0.016146 0.025926
1 0.452344 0.676852 0.021354 0.022222
1 0.383333 0.695833 0.012500 0.025000
1 0.412500 0.714815 0.020833 0.031481
1 0.359375 0.733796 0.018750 0.028704
1 0.390365 0.768519 0.016146 0.020370
1 0.342448 0.774074 0.015104 0.035185
1 0.370833 0.808333 0.017708 0.037037
1 0.314583 0.773148 0.020833 0.033333
1 0.281510 0.812500 0.017188 0.041667
1 0.311979 0.826852 0.015625 0.035185
1 0.340104 0.841667 0.014583 0.037037
1 0.274479 0.869907 0.019792 0.025000
1 0.303385 0.881944 0.025521 0.026852
1 0.334375 0.893519 0.020833 0.025926
1 0.271094 0.914352 0.016146 0.028704
1 0.303385 0.927778 0.021354 0.024074
1 0.455208 0.727778 0.029167 0.031481
1 0.428125 0.772222 0.019792 0.022222
1 0.488021 0.791667 0.031250 0.038889
1 0.494271 0.744444 0.016667 0.029630
1 0.497917 0.697222 0.023958 0.038889
1 0.504948 0.637963 0.024479 0.035185
1 0.508333 0.583333 0.027083 0.037037
1 0.550521 0.564352 0.025000 0.039815
1 0.575000 0.524074 0.023958 0.033333
1 0.623958 0.533333 0.025000 0.035185
1 0.589844 0.583333 0.023438 0.046296
1 0.635417 0.601389 0.026042 0.041667
1 0.659115 0.514352 0.023438 0.039815
1 0.596354 0.643981 0.032292 0.034259
1 0.632031 0.671296 0.028646 0.046296
1 0.557031 0.628704 0.020313 0.038889
1 0.543229 0.681944 0.019792 0.030556
1 0.580990 0.702778 0.028646 0.037037
1 0.533333 0.744444 0.019792 0.027778
1 0.921094 0.719907 0.021354 0.032407
1 0.923698 0.776389 0.029687 0.034259
1 0.889844 0.750926 0.014063 0.027778
1 0.875521 0.793981 0.019792 0.036111
1 0.906771 0.821759 0.032292 0.037963
1 0.866406 0.845833 0.021354 0.034259
1 0.901823 0.892130 0.029687 0.045370
1 0.538542 0.834722 0.025000 0.032407
1 0.532552 0.784259 0.028646 0.024074
