0 0.763281 0.397685 0.130729 0.182407
1 0.416927 0.516667 0.024479 0.022222
1 0.366667 0.528704 0.016667 0.033333
1 0.378646 0.589352 0.026042 0.030556
1 0.420573 0.572222 0.019271 0.024074
1 0.454688 0.567130 0.020833 0.026852
1 0.449219 0.630556 0.017188 0.025926
1 0.417448 0.636574 0.021354 0.037963
1 0.386458 0.656019 0.015625 0.025000
1 0.415885 0.693519 0.022396 0.027778
1 0.365365 0.681481 0.013021 0.031481
1 0.391667 0.709722 0.018750 0.039815
1 0.347656 0.700463 0.009896 0.025000
1 0.358594 0.745833 0.017188 0.026852
1 0.389583 0.771759 0.019792 0.030556
1 0.322656 0.743981 0.017188 0.028704
1 0.352865 0.790741 0.023438 0.029630
1 0.316406 0.798148 0.017188 0.025926
1 0.284375 0.801852 0.012500 0.020370
1 0.277604 0.845833 0.019792 0.034259
1 0.314583 0.852778 0.020833 0.033333
1 0.346615 0.856019 0.014063 0.013889
1 0.243229 0.838889 0.021875 0.037037
1 0.249740 0.900000 0.016146 0.025926
1 0.294271 0.910185 0.019792 0.033333
1 0.336458 0.908796 0.012500 0.017593
1 0.447135 0.693519 0.016146 0.024074
1 0.437240 0.762037 0.028646 0.040741
1 0.559375 0.531481 0.021875 0.035185
1 0.596094 0.537037 0.021354 0.033333
1 0.636979 0.534722 0.020833 0.028704
1 0.557031 0.591204 0.015104 0.034259
1 0.597135 0.603704 0.023438 0.037037
1 0.640625 0.616667 0.026042 0.033333
1 0.561198 0.665741 0.016146 0.022222
1 0.602865 0.675926 0.015104 0.037037
1 0.490625 0.662963 0.015625 0.027778
1 0.485156 0.717130 0.015104 0.026852
1 0.482031 0.775463 0.021354 0.028704
1 0.523177 0.692130 0.016146 0.017593
1 0.550781 0.730093 0.011979 0.017593
1 0.517708 0.764352 0.013542 0.019444
1 0.562760 0.777778 0.016146 0.024074
1 0.902344 0.729630 0.013021 0.022222
1 0.920312 0.766667 0.012500 0.024074
1 0.933854 0.817593 0.014583 0.024074
1 0.895573 0.799537 0.009896 0.023148
1 0.919010 0.826852 0.013021 0.031481
1 0.891146 0.846759 0.011458 0.026852
1 0.917188 0.883333 0.018750 0.029630
1 0.892448 0.921296 0.016146 0.024074
1 0.884375 0.618981 0.017708 0.032407
1 0.889323 0.679630 0.015104 0.031481
