0 0.735938 0.416667 0.123958 0.185185
1 0.404427 0.500000 0.013021 0.020370
1 0.424219 0.529630 0.015104 0.025926
1 0.394271 0.544444 0.012500 0.022222
1 0.422917 0.569444 0.012500 0.022222
1 0.448437 0.581481 0.011458 0.033333
1 0.450260 0.640741 0.017188 0.027778
1 0.419531 0.631944 0.017188 0.037963
1 0.397135 0.595370 0.015104 0.022222
1 0.391146 0.659722 0.013542 0.030556
1 0.418229 0.694444 0.014583 0.035185
1 0.447135 0.692593 0.014063 0.029630
1 0.380990 0.700463 0.011979 0.025000
1 0.402083 0.715741 0.007292 0.033333
1 0.376563 0.739815 0.011458 0.024074
1 0.396354 0.765278 0.013542 0.026852
1 0.352344 0.697222 0.015104 0.035185
1 0.348177 0.764815 0.010937 0.022222
1 0.375521 0.803241 0.013542 0.026852
1 0.326823 0.729630 0.010937 0.022222
1 0.304427 0.775000 0.008854 0.020370
1 0.325781 0.791667 0.003646 0.025926
1 0.346094 0.819907 0.013021 0.028704
1 0.298958 0.816667 0.009375 0.024074
1 0.325521 0.848148 0.013542 0.024074
1 0.270573 0.778704 0.009896 0.018519
1 0.270313 0.828241 0.012500 0.019444
1 0.268750 0.869444 0.011458 0.022222
1 0.298958 0.879630 0.012500 0.025926
1 0.329427 0.905556 0.014063 0.020370
1 0.263802 0.917130 0.014063 0.026852
1 0.295312 0.943056 0.017708 0.019444
1 0.475781 0.600926 0.018229 0.024074
1 0.512240 0.592130 0.019271 0.028704
1 0.480729 0.665278 0.020833 0.025000
1 0.514844 0.660648 0.020313 0.028704
1 0.538021 0.523148 0.013542 0.012963
1 0.567448 0.525000 0.016146 0.025926
1 0.547656 0.576852 0.018229 0.020370
1 0.580469 0.588426 0.017188 0.028704
1 0.559896 0.624074 0.013542 0.022222
1 0.587500 0.662963 0.020833 0.037037
1 0.882552 0.604167 0.005729 0.013889
1 0.898438 0.646759 0.011458 0.017593
1 0.873177 0.665741 0.006771 0.022222
1 0.902344 0.699074 0.018229 0.031481
1 0.929427 0.749074 0.010937 0.024074
1 0.901823 0.768981 0.011979 0.028704
1 0.934375 0.798148 0.011458 0.022222
1 0.904948 0.822222 0.008854 0.022222
1 0.935417 0.843519 0.012500 0.029630
1 0.887240 0.861574 0.010937 0.019444
1 0.909635 0.874074 0.010937 0.024074
1 0.933854 0.896296 0.012500 0.020370
1 0.891146 0.926389 0.013542 0.021296
1 0.867969 0.614352 0.017188 0.034259
