0 0.716146 0.428241 0.128125 0.202778
1 0.403906 0.480556 0.014063 0.012963
1 0.391927 0.515741 0.017188 0.022222
1 0.417448 0.525926 0.019271 0.033333
1 0.343490 0.555556 0.015104 0.025926
1 0.374479 0.572685 0.017708 0.028704
1 0.406250 0.585648 0.018750 0.037963
1 0.440104 0.589815 0.012500 0.020370
1 0.463281 0.607870 0.016146 0.028704
1 0.416667 0.645370 0.014583 0.027778
1 0.445573 0.645370 0.015104 0.020370
1 0.351042 0.648148 0.014583 0.025926
1 0.380469 0.657870 0.010937 0.017593
1 0.407031 0.693981 0.011979 0.019444
1 0.438281 0.700463 0.010937 0.019444
1 0.461979 0.690741 0.013542 0.022222
1 0.320312 0.670833 0.012500 0.026852
1 0.346615 0.696759 0.016146 0.026852
1 0.372656 0.717593 0.010937 0.024074
1 0.398958 0.741204 0.006250 0.008333
1 0.419531 0.746296 0.009896 0.014815
1 0.326823 0.741204 0.018229 0.030556
1 0.352865 0.760648 0.014063 0.013889
1 0.374740 0.777315 0.011979 0.019444
1 0.400781 0.782870 0.011979 0.017593
1 0.318750 0.783333 0.014583 0.022222
1 0.346875 0.804630 0.013542 0.022222
1 0.375000 0.824074 0.006250 0.011111
1 0.288542 0.812963 0.016667 0.033333
1 0.320052 0.842593 0.007812 0.022222
1 0.349740 0.850000 0.009896 0.020370
1 0.292708 0.862500 0.010417 0.017593
1 0.320833 0.881019 0.006250 0.023148
1 0.542708 0.509259 0.016667 0.022222
1 0.530729 0.552778 0.017708 0.024074
1 0.559375 0.567130 0.014583 0.017593
1 0.514323 0.596759 0.010937 0.023148
1 0.545573 0.627315 0.017188 0.032407
1 0.578906 0.637963 0.016146 0.022222
1 0.570833 0.693056 0.012500 0.017593
1 0.540885 0.685185 0.009896 0.024074
1 0.510938 0.693519 0.012500 0.020370
1 0.491146 0.704630 0.012500 0.029630
1 0.481250 0.741204 0.014583 0.030556
1 0.514583 0.760648 0.014583 0.026852
1 0.543490 0.736111 0.015104 0.024074
1 0.576042 0.742130 0.013542 0.023148
1 0.592969 0.567130 0.017188 0.039815
1 0.823438 0.542593 0.014583 0.012963
1 0.853906 0.577315 0.021354 0.028704
1 0.888802 0.628704 0.010937 0.022222
1 0.803646 0.581481 0.012500 0.020370
1 0.834375 0.619907 0.013542 0.021296
1 0.859896 0.642593 0.013542 0.024074
1 0.900781 0.707870 0.023438 0.026852
1 0.919792 0.763426 0.011458 0.026852
1 0.941927 0.818056 0.014063 0.026852
1 0.907292 0.821296 0.011458 0.020370
1 0.898438 0.878704 0.013542 0.024074
1 0.922917 0.880093 0.007292 0.030556
1 0.945833 0.891667 0.011458 0.024074
1 0.890625 0.930093 0.010417 0.017593
1 0.502344 0.823611 0.022396 0.045370
1 0.535937 0.826852 0.017708 0.031481
1 0.560677 0.798611 0.019271 0.030556
1 0.588542 0.503704 0.016667 0.033333
1 0.631771 0.532870 0.018750 0.032407
1 0.628125 0.591204 0.013542 0.030556
1 0.304688 0.914352 0.011458 0.019444
1 0.268750 0.868981 0.011458 0.034259
