0 0.602344 0.156481 0.149479 0.103704
1 0.449219 0.582407 0.017188 0.022222
1 0.445312 0.638889 0.019792 0.037037
1 0.490104 0.643519 0.019792 0.035185
1 0.531250 0.570370 0.018750 0.020370
1 0.527865 0.635185 0.018229 0.031481
1 0.463021 0.727315 0.032292 0.039815
1 0.573698 0.545833 0.021354 0.041667
1 0.638802 0.501852 0.022396 0.040741
1 0.693229 0.499537 0.027083 0.045370
1 0.747917 0.513889 0.027083 0.044444
1 0.801823 0.529167 0.023438 0.039815
1 0.848958 0.560648 0.022917 0.043519
1 0.818229 0.620833 0.026042 0.047222
1 0.867188 0.649537 0.027083 0.047222
1 0.904167 0.725463 0.017708 0.036111
1 0.927083 0.797222 0.022917 0.042593
1 0.574219 0.630556 0.022396 0.044444
1 0.516406 0.723611 0.023438 0.049074
1 0.571354 0.712500 0.031250 0.049074
1 0.622135 0.582407 0.028646 0.048148
1 0.680469 0.588889 0.028646 0.048148
1 0.742188 0.594907 0.026042 0.041667
1 0.622656 0.675463 0.029687 0.052778
