0 0.794271 0.514815 0.142708 0.190741
1 0.709635 0.560185 0.009896 0.025926
1 0.687240 0.587963 0.009896 0.029630
1 0.706510 0.617593 0.016146 0.031481
1 0.679688 0.639352 0.010417 0.017593
1 0.649219 0.637500 0.010937 0.017593
1 0.645573 0.688426 0.013021 0.030556
1 0.675521 0.687500 0.011458 0.019444
1 0.697396 0.684259 0.013542 0.012963
1 0.673438 0.739352 0.009375 0.030556
1 0.702604 0.727315 0.011458 0.017593
1 0.702604 0.785648 0.013542 0.030556
1 0.722396 0.834259 0.013542 0.024074
1 0.747396 0.801389 0.013542 0.028704
1 0.772917 0.778241 0.014583 0.026852
1 0.796875 0.756019 0.015625 0.017593
1 0.828646 0.715741 0.012500 0.027778
1 0.804688 0.715741 0.012500 0.027778
1 0.778385 0.700463 0.010937 0.028704
1 0.737500 0.667130 0.006250 0.025000
1 0.756510 0.707870 0.011979 0.030556
