0 0.800000 0.497222 0.131250 0.174074
1 0.634115 0.630093 0.016146 0.019444
1 0.661719 0.648611 0.019271 0.030556
1 0.615104 0.676852 0.012500 0.022222
1 0.642448 0.689352 0.015104 0.023148
1 0.671094 0.707407 0.015104 0.024074
1 0.645312 0.748611 0.013542 0.019444
1 0.675781 0.767593 0.015104 0.022222
1 0.618229 0.719444 0.008333 0.022222
1 0.710156 0.796296 0.010937 0.018519
1 0.694271 0.824074 0.013542 0.037037
1 0.730729 0.837037 0.014583 0.024074
1 0.751042 0.796296 0.018750 0.031481
1 0.784635 0.772222 0.010937 0.022222
1 0.785937 0.816204 0.013542 0.026852
1 0.772135 0.738889 0.013021 0.025926
1 0.811198 0.724537 0.013021 0.034259
1 0.792448 0.734259 0.009896 0.025926
1 0.816667 0.784722 0.015625 0.030556
1 0.837240 0.716667 0.011979 0.025926
1 0.861979 0.672685 0.012500 0.023148
1 0.690885 0.647685 0.011979 0.015741
1 0.696615 0.690741 0.010937 0.025926
1 0.729167 0.698148 0.017708 0.027778
1 0.706510 0.612963 0.014063 0.025926
1 0.731250 0.656944 0.016667 0.026852
1 0.683594 0.585648 0.017188 0.028704
