0 0.803646 0.497222 0.131250 0.174074
1 0.627604 0.615741 0.007292 0.009259
1 0.643490 0.636574 0.009896 0.019444
1 0.663542 0.644907 0.010417 0.015741
1 0.618229 0.655556 0.011458 0.022222
1 0.601042 0.677315 0.006250 0.021296
1 0.590104 0.711574 0.013542 0.025000
1 0.613542 0.725463 0.011458 0.017593
1 0.619531 0.687500 0.010937 0.019444
1 0.645052 0.691667 0.009896 0.024074
1 0.672656 0.693519 0.010937 0.020370
1 0.663281 0.731019 0.009896 0.019444
1 0.640365 0.737037 0.009896 0.012963
1 0.614583 0.757407 0.008333 0.014815
1 0.644792 0.764815 0.007292 0.011111
1 0.623958 0.794907 0.012500 0.015741
1 0.684635 0.799074 0.009896 0.011111
1 0.688281 0.839815 0.009896 0.022222
1 0.710156 0.842593 0.014063 0.018519
1 0.711458 0.889352 0.013542 0.028704
1 0.733854 0.844907 0.013542 0.026852
1 0.752865 0.800926 0.009896 0.012963
1 0.763281 0.850463 0.010937 0.028704
1 0.716927 0.792593 0.007812 0.014815
1 0.732552 0.803704 0.008854 0.014815
1 0.704948 0.759722 0.010937 0.012037
1 0.782031 0.750463 0.006771 0.006481
1 0.791927 0.786574 0.008854 0.019444
1 0.822135 0.777778 0.009896 0.014815
1 0.817448 0.820370 0.009896 0.018519
1 0.811979 0.724537 0.011458 0.025000
1 0.836198 0.751389 0.009896 0.015741
1 0.840365 0.696759 0.006771 0.013889
1 0.861719 0.725463 0.009896 0.017593
1 0.696354 0.530556 0.011458 0.027778
1 0.719531 0.549074 0.009896 0.022222
1 0.676562 0.576852 0.008333 0.016667
1 0.702865 0.589815 0.010937 0.014815
1 0.725781 0.614352 0.009896 0.019444
1 0.707292 0.641667 0.012500 0.022222
1 0.700521 0.671759 0.012500 0.025000
1 0.709635 0.703241 0.009896 0.017593
