0 0.803125 0.491667 0.134375 0.185185
1 0.692969 0.521759 0.010937 0.015741
1 0.669271 0.548611 0.006250 0.019444
1 0.694792 0.564352 0.012500 0.017593
1 0.686458 0.617593 0.015625 0.022222
1 0.718750 0.642130 0.015625 0.017593
1 0.644792 0.620370 0.007292 0.022222
1 0.615625 0.643056 0.013542 0.025000
1 0.599740 0.692593 0.010937 0.022222
1 0.629687 0.698148 0.013542 0.024074
1 0.658854 0.675926 0.012500 0.024074
1 0.692187 0.671759 0.012500 0.015741
1 0.681771 0.723148 0.013542 0.025926
1 0.653385 0.736574 0.016146 0.030556
1 0.631510 0.756944 0.015104 0.026852
1 0.608073 0.756944 0.016146 0.030556
1 0.620313 0.811574 0.021875 0.034259
1 0.667708 0.786574 0.018750 0.028704
1 0.698958 0.781944 0.016667 0.028704
1 0.732292 0.803704 0.008333 0.014815
1 0.705729 0.833333 0.012500 0.022222
1 0.741667 0.849537 0.010417 0.017593
1 0.721875 0.880093 0.009375 0.017593
1 0.768229 0.834259 0.018750 0.024074
1 0.777604 0.785185 0.012500 0.018519
1 0.818490 0.805093 0.011979 0.023148
1 0.795833 0.831481 0.011458 0.029630
1 0.803906 0.757870 0.015104 0.032407
1 0.831510 0.742130 0.014063 0.028704
1 0.854427 0.689815 0.015104 0.024074
1 0.819271 0.698148 0.013542 0.027778
1 0.785937 0.693981 0.011458 0.015741
1 0.756771 0.688426 0.014583 0.030556
1 0.728906 0.700000 0.008854 0.014815
1 0.715625 0.718981 0.010417 0.036111
1 0.747396 0.738889 0.015625 0.029630
1 0.776302 0.743056 0.011979 0.021296
1 0.753125 0.779630 0.012500 0.027778
