0 0.803906 0.484259 0.141146 0.185185
1 0.708073 0.498148 0.009896 0.012963
1 0.682552 0.525926 0.008854 0.020370
1 0.705208 0.540741 0.013542 0.025926
1 0.666406 0.571296 0.009896 0.016667
1 0.688542 0.582407 0.014583 0.025926
1 0.711458 0.592130 0.013542 0.025000
1 0.680990 0.631944 0.011979 0.019444
1 0.655990 0.614815 0.009896 0.024074
1 0.714323 0.638889 0.011979 0.024074
1 0.698958 0.678704 0.016667 0.033333
1 0.672135 0.684722 0.011979 0.025000
1 0.648958 0.653241 0.012500 0.030556
1 0.625000 0.655093 0.012500 0.023148
1 0.605469 0.681019 0.015104 0.028704
1 0.597135 0.729167 0.023438 0.037963
1 0.625781 0.726852 0.014063 0.024074
1 0.650000 0.720370 0.012500 0.020370
1 0.683594 0.740278 0.015104 0.028704
1 0.657031 0.768519 0.016146 0.029630
1 0.624479 0.774537 0.016667 0.017593
1 0.595313 0.787963 0.012500 0.024074
1 0.614583 0.822685 0.013542 0.017593
1 0.688281 0.786574 0.009896 0.019444
1 0.700000 0.836574 0.013542 0.028704
1 0.720573 0.796296 0.009896 0.016667
1 0.740365 0.842593 0.011979 0.018519
1 0.723698 0.873611 0.018229 0.026852
1 0.751823 0.800463 0.017188 0.030556
1 0.786458 0.822685 0.010417 0.013889
1 0.767708 0.865741 0.012500 0.020370
1 0.788802 0.768056 0.009896 0.017593
1 0.819271 0.819444 0.018750 0.027778
1 0.816927 0.769444 0.016146 0.031481
1 0.812500 0.723148 0.014583 0.025926
1 0.838281 0.679630 0.009896 0.012963
1 0.713021 0.753241 0.014583 0.025000
1 0.579948 0.681944 0.014063 0.026852
