0 0.522917 0.141204 0.126042 0.113889
1 0.449740 0.575463 0.023438 0.026852
1 0.441927 0.643981 0.022396 0.039815
1 0.487500 0.650463 0.027083 0.049074
1 0.530990 0.607870 0.027604 0.050926
1 0.572396 0.564815 0.026042 0.040741
1 0.536458 0.687963 0.026042 0.044444
1 0.476042 0.736574 0.026042 0.049074
1 0.623958 0.534722 0.034375 0.054630
1 0.673438 0.519444 0.030208 0.050000
1 0.724219 0.511574 0.029687 0.049074
1 0.769792 0.528241 0.020833 0.032407
1 0.801562 0.561574 0.019792 0.028704
1 0.849219 0.591204 0.023438 0.036111
1 0.580469 0.660648 0.027604 0.041667
