0 0.797656 0.465741 0.128646 0.175926
1 0.690365 0.490278 0.008854 0.017593
1 0.705469 0.518519 0.009896 0.022222
1 0.670312 0.525926 0.008333 0.020370
1 0.692187 0.564815 0.009375 0.018519
1 0.714844 0.574537 0.010937 0.019444
1 0.668750 0.575926 0.012500 0.022222
1 0.679948 0.650926 0.015104 0.025926
1 0.674219 0.692593 0.016146 0.022222
1 0.647135 0.666667 0.009896 0.022222
1 0.621354 0.660648 0.014583 0.023148
1 0.584115 0.671759 0.017188 0.032407
1 0.612240 0.714815 0.014063 0.018519
1 0.636198 0.716667 0.015104 0.022222
1 0.591146 0.734259 0.011458 0.022222
1 0.571875 0.769907 0.012500 0.026852
1 0.594271 0.815741 0.014583 0.022222
1 0.568490 0.820833 0.010937 0.017593
1 0.607812 0.781481 0.014583 0.037037
1 0.640625 0.773148 0.013542 0.024074
1 0.672396 0.756944 0.012500 0.030556
1 0.667448 0.805093 0.015104 0.026852
1 0.691146 0.845833 0.012500 0.025000
1 0.699479 0.779630 0.014583 0.024074
1 0.714583 0.828241 0.025000 0.028704
1 0.738281 0.790741 0.016146 0.027778
1 0.758333 0.833796 0.011458 0.021296
1 0.742708 0.837963 0.007292 0.012963
1 0.723177 0.875463 0.009896 0.013889
1 0.749740 0.881019 0.013021 0.012037
1 0.774479 0.781944 0.020833 0.023148
1 0.787760 0.833796 0.015104 0.021296
1 0.806771 0.761111 0.016667 0.022222
1 0.818750 0.808333 0.019792 0.024074
1 0.842187 0.764352 0.025000 0.032407
1 0.817969 0.712963 0.014063 0.022222
1 0.847917 0.694907 0.018750 0.026852
1 0.858854 0.734722 0.016667 0.021296
1 0.790625 0.721296 0.011458 0.025926
