0 0.789844 0.458333 0.141146 0.183333
1 0.593750 0.650463 0.013542 0.017593
1 0.618490 0.657407 0.010937 0.022222
1 0.644271 0.663889 0.011458 0.022222
1 0.674740 0.679167 0.015104 0.021296
1 0.586979 0.694444 0.012500 0.012963
1 0.613542 0.713889 0.011458 0.024074
1 0.640625 0.726852 0.018750 0.027778
1 0.672656 0.735648 0.016146 0.023148
1 0.582812 0.739815 0.012500 0.024074
1 0.571875 0.773148 0.019792 0.029630
1 0.607292 0.766204 0.011458 0.019444
1 0.636458 0.776389 0.014583 0.017593
1 0.611458 0.814815 0.019792 0.020370
1 0.668229 0.782870 0.019792 0.021296
1 0.694271 0.796296 0.013542 0.018519
1 0.687240 0.847685 0.017188 0.019444
1 0.721615 0.848148 0.022396 0.033333
1 0.731250 0.904167 0.018750 0.026852
1 0.731771 0.806019 0.027083 0.032407
1 0.772135 0.852315 0.018229 0.028704
1 0.746875 0.857870 0.012500 0.023148
1 0.769010 0.910648 0.020313 0.030556
1 0.783333 0.787963 0.015625 0.024074
1 0.807292 0.838426 0.014583 0.026852
1 0.803646 0.752315 0.012500 0.017593
1 0.826042 0.796759 0.017708 0.028704
1 0.848958 0.847222 0.006250 0.012963
1 0.864323 0.780093 0.009896 0.019444
1 0.875521 0.835648 0.014583 0.026852
1 0.820312 0.720370 0.011458 0.014815
1 0.847917 0.753704 0.008333 0.011111
1 0.830729 0.758796 0.012500 0.017593
1 0.842708 0.702778 0.013542 0.020370
1 0.878906 0.745833 0.010937 0.017593
1 0.648438 0.818981 0.019792 0.028704
