0 0.782031 0.449537 0.135937 0.187963
1 0.610677 0.653704 0.021354 0.020370
1 0.641406 0.669444 0.022396 0.027778
1 0.598177 0.701389 0.016146 0.023148
1 0.625781 0.714815 0.018229 0.018519
1 0.609896 0.760185 0.018750 0.033333
1 0.648698 0.796759 0.027604 0.039815
1 0.695573 0.794444 0.017188 0.022222
1 0.698958 0.847222 0.018750 0.031481
1 0.727865 0.831481 0.015104 0.016667
1 0.734115 0.880093 0.017188 0.030556
1 0.802604 0.742593 0.019792 0.033333
1 0.829948 0.706944 0.024479 0.037963
1 0.865625 0.731019 0.019792 0.037963
1 0.834375 0.769907 0.018750 0.026852
1 0.863281 0.789815 0.017188 0.022222
1 0.567448 0.737500 0.014063 0.028704
1 0.574219 0.792593 0.020313 0.033333
1 0.604167 0.813889 0.012500 0.018519
1 0.655469 0.745370 0.018229 0.022222
