0 0.768750 0.443981 0.132292 0.180556
1 0.601823 0.643981 0.015104 0.021296
1 0.632292 0.638889 0.019792 0.014815
1 0.586719 0.682870 0.009896 0.019444
1 0.617708 0.695833 0.016667 0.023148
1 0.648177 0.692593 0.010937 0.018519
1 0.571875 0.726389 0.012500 0.015741
1 0.604167 0.735185 0.010417 0.024074
1 0.628385 0.756019 0.008854 0.017593
1 0.626302 0.800926 0.015104 0.025926
1 0.657292 0.805093 0.010417 0.013889
1 0.709896 0.823148 0.013542 0.012963
1 0.689063 0.854630 0.011458 0.014815
1 0.745573 0.832407 0.011979 0.014815
1 0.713281 0.864352 0.011979 0.017593
1 0.739062 0.876389 0.014583 0.019444
1 0.731250 0.916667 0.015625 0.024074
1 0.756510 0.931481 0.011979 0.011111
1 0.698438 0.910648 0.017708 0.026852
1 0.809375 0.733333 0.015625 0.029630
1 0.827865 0.687963 0.016146 0.025926
1 0.855729 0.656019 0.017708 0.025000
1 0.860938 0.715741 0.014583 0.020370
1 0.837240 0.752315 0.013021 0.017593
1 0.869531 0.781944 0.017188 0.023148
1 0.840365 0.812037 0.014063 0.022222
1 0.553906 0.765278 0.010937 0.021296
1 0.578646 0.783333 0.013542 0.022222
1 0.549740 0.818981 0.015104 0.028704
1 0.655469 0.749074 0.014063 0.014815
