0 0.754427 0.444907 0.130729 0.182407
1 0.608073 0.640741 0.016146 0.024074
1 0.634896 0.648611 0.012500 0.017593
1 0.606510 0.679630 0.007812 0.022222
1 0.637500 0.686111 0.012500 0.018519
1 0.580208 0.718981 0.012500 0.013889
1 0.601042 0.724537 0.011458 0.012037
1 0.634896 0.732870 0.014583 0.017593
1 0.586979 0.762037 0.012500 0.024074
1 0.614583 0.771759 0.015625 0.021296
1 0.644792 0.772685 0.012500 0.019444
1 0.638021 0.811574 0.011458 0.023148
1 0.631250 0.853241 0.017708 0.030556
1 0.669792 0.781944 0.012500 0.019444
1 0.672396 0.831481 0.014583 0.022222
1 0.702083 0.819444 0.017708 0.024074
1 0.736198 0.817130 0.016146 0.023148
1 0.727865 0.853704 0.015104 0.018519
1 0.697135 0.864352 0.011979 0.021296
1 0.729167 0.887500 0.012500 0.019444
1 0.751042 0.892130 0.011458 0.019444
1 0.742708 0.933796 0.019792 0.028704
1 0.553125 0.750000 0.014583 0.018519
1 0.560156 0.795370 0.016146 0.024074
1 0.672396 0.705556 0.014583 0.025926
1 0.814323 0.691204 0.016146 0.015741
1 0.813542 0.732407 0.014583 0.022222
1 0.816146 0.777315 0.019792 0.028704
1 0.843229 0.814815 0.019792 0.033333
