0 0.740885 0.437963 0.131771 0.177778
1 0.617188 0.633796 0.011458 0.019444
1 0.600521 0.678241 0.012500 0.025000
1 0.635677 0.691667 0.018229 0.020370
1 0.590104 0.731481 0.013542 0.011111
1 0.619531 0.771296 0.016146 0.024074
1 0.652604 0.789815 0.012500 0.012963
1 0.643750 0.838426 0.016667 0.030556
1 0.698698 0.843519 0.010937 0.011111
1 0.704427 0.892130 0.017188 0.032407
1 0.729948 0.849074 0.010937 0.016667
1 0.744531 0.909722 0.016146 0.034259
1 0.546094 0.749074 0.009896 0.014815
1 0.576302 0.758333 0.014063 0.022222
1 0.563021 0.801852 0.012500 0.014815
1 0.807031 0.723611 0.016146 0.026852
1 0.806250 0.772685 0.010417 0.015741
1 0.833854 0.804167 0.013542 0.019444
1 0.838542 0.856944 0.010417 0.012037
1 0.842708 0.757407 0.008333 0.007407
1 0.871875 0.777315 0.010417 0.010185
1 0.868229 0.827315 0.010417 0.017593
1 0.673958 0.762500 0.011458 0.015741
1 0.647135 0.731019 0.009896 0.010185
