0 0.712760 0.439815 0.129688 0.183333
1 0.611979 0.701389 0.013542 0.013889
1 0.595313 0.736574 0.009375 0.013889
1 0.625781 0.739815 0.008854 0.014815
1 0.607031 0.777778 0.010937 0.014815
1 0.640885 0.770833 0.010937 0.012037
1 0.636719 0.811111 0.010937 0.022222
1 0.815885 0.705556 0.009896 0.012963
1 0.808594 0.735648 0.011979 0.010185
1 0.834115 0.752315 0.014063 0.021296
1 0.865104 0.757407 0.011458 0.014815
1 0.837760 0.801389 0.014063 0.019444
1 0.748698 0.816204 0.010937 0.013889
1 0.718750 0.854630 0.018750 0.027778
1 0.753646 0.868519 0.011458 0.022222
1 0.717187 0.912037 0.012500 0.020370
1 0.666927 0.829167 0.010937 0.017593
1 0.663021 0.783333 0.015625 0.025926
1 0.665104 0.733333 0.012500 0.027778
1 0.644271 0.716667 0.011458 0.022222
1 0.642448 0.675000 0.009896 0.022222
1 0.566406 0.740741 0.008854 0.012963
1 0.586719 0.774074 0.009896 0.018519
1 0.548958 0.774537 0.004167 0.008333
1 0.570573 0.793056 0.011979 0.019444
