0 0.808073 0.456019 0.136979 0.154630
1 0.698438 0.534259 0.014583 0.009259
1 0.720573 0.543981 0.011979 0.019444
1 0.690885 0.577778 0.007812 0.012963
1 0.716927 0.582870 0.013021 0.017593
1 0.702604 0.611111 0.008333 0.022222
1 0.723437 0.621759 0.013542 0.017593
1 0.727344 0.659722 0.010937 0.021296
1 0.751042 0.675926 0.013542 0.027778
1 0.775260 0.684722 0.011979 0.019444
1 0.800000 0.687037 0.010417 0.020370
1 0.826302 0.687037 0.009896 0.024074
1 0.821094 0.727778 0.011979 0.018519
1 0.759115 0.629630 0.009896 0.020370
1 0.788802 0.641667 0.019271 0.022222
1 0.830208 0.652778 0.013542 0.016667
1 0.861979 0.631944 0.010417 0.012037
1 0.872135 0.592593 0.009896 0.014815
1 0.891927 0.582870 0.007812 0.017593
1 0.888021 0.639352 0.009375 0.017593
1 0.893750 0.674074 0.008333 0.020370
