0 0.794531 0.452315 0.134896 0.167593
1 0.699219 0.545833 0.009896 0.015741
1 0.701042 0.577315 0.007292 0.015741
1 0.686719 0.598148 0.010937 0.022222
1 0.705208 0.610648 0.013542 0.017593
1 0.683333 0.636574 0.010417 0.010185
1 0.703906 0.640278 0.010937 0.017593
1 0.700260 0.676852 0.010937 0.012963
1 0.729688 0.682870 0.013542 0.028704
1 0.731510 0.635185 0.009896 0.009259
1 0.752344 0.669444 0.016146 0.027778
1 0.776302 0.662500 0.011979 0.015741
1 0.780990 0.700463 0.010937 0.015741
1 0.754948 0.715741 0.010937 0.027778
1 0.700781 0.718056 0.013021 0.025000
1 0.787760 0.737963 0.017188 0.024074
1 0.815104 0.744444 0.019792 0.033333
1 0.809375 0.696759 0.011458 0.021296
1 0.836719 0.691667 0.010937 0.024074
1 0.852083 0.745833 0.019792 0.039815
1 0.813021 0.658796 0.009375 0.006481
1 0.853125 0.656019 0.012500 0.019444
1 0.864583 0.702778 0.014583 0.020370
