0 0.779167 0.436574 0.129167 0.162037
1 0.672917 0.504167 0.011458 0.012037
1 0.657292 0.526852 0.005208 0.012963
1 0.682813 0.539352 0.011458 0.012037
1 0.711198 0.544444 0.008854 0.022222
1 0.665625 0.572222 0.006250 0.014815
1 0.695833 0.579167 0.010417 0.012037
1 0.681510 0.628704 0.014063 0.025926
1 0.656771 0.616204 0.008333 0.019444
1 0.671615 0.667593 0.013021 0.024074
1 0.645573 0.663889 0.006771 0.012963
1 0.669271 0.711111 0.013542 0.024074
1 0.698698 0.676389 0.008854 0.015741
1 0.701823 0.732870 0.017188 0.017593
1 0.725781 0.694907 0.009896 0.017593
1 0.739844 0.747685 0.016146 0.030556
1 0.767188 0.750463 0.013542 0.028704
1 0.798958 0.751389 0.014583 0.028704
1 0.830990 0.762037 0.019271 0.029630
1 0.812240 0.706481 0.007812 0.011111
1 0.782031 0.695833 0.008854 0.019444
1 0.754948 0.690278 0.008854 0.013889
1 0.733073 0.631944 0.004687 0.006481
1 0.840885 0.692593 0.017188 0.025926
1 0.819271 0.659722 0.013542 0.013889
1 0.841406 0.623611 0.010937 0.015741
1 0.871875 0.676389 0.012500 0.019444
1 0.902865 0.687037 0.009896 0.014815
1 0.880208 0.642593 0.006250 0.011111
1 0.904167 0.669907 0.009375 0.015741
1 0.866927 0.611111 0.009896 0.012963
1 0.703906 0.625463 0.010937 0.015741
