0 0.770833 0.426389 0.126042 0.160185
1 0.678906 0.532407 0.016146 0.033333
1 0.707031 0.556481 0.019271 0.024074
1 0.664323 0.593519 0.014063 0.025926
1 0.700260 0.611111 0.014063 0.025926
1 0.687500 0.652778 0.013542 0.025926
1 0.668490 0.688426 0.019271 0.026852
1 0.627083 0.683796 0.016667 0.023148
1 0.650521 0.742130 0.020833 0.025000
1 0.681510 0.760648 0.016146 0.026852
1 0.703385 0.698148 0.011979 0.014815
1 0.742708 0.672685 0.012500 0.017593
1 0.740365 0.722222 0.015104 0.020370
1 0.721875 0.760185 0.014583 0.033333
1 0.753906 0.767593 0.015104 0.022222
1 0.783854 0.772222 0.019792 0.031481
1 0.815104 0.777778 0.019792 0.033333
1 0.781250 0.713889 0.017708 0.020370
1 0.816146 0.716667 0.017708 0.035185
