0 0.762240 0.412963 0.119271 0.151852
1 0.668750 0.565278 0.012500 0.017593
1 0.648438 0.606481 0.012500 0.031481
1 0.679688 0.610648 0.019792 0.017593
1 0.699479 0.650926 0.017708 0.031481
1 0.670833 0.665278 0.012500 0.032407
1 0.625000 0.674537 0.014583 0.017593
1 0.652865 0.693519 0.016146 0.024074
1 0.628906 0.724537 0.013021 0.032407
1 0.668490 0.768056 0.020313 0.039815
1 0.689583 0.715741 0.014583 0.020370
1 0.716146 0.759722 0.018750 0.028704
1 0.741146 0.692130 0.013542 0.017593
1 0.756510 0.744907 0.011979 0.017593
1 0.771354 0.791204 0.017708 0.017593
1 0.786198 0.747222 0.015104 0.022222
1 0.810677 0.786574 0.014063 0.019444
1 0.813021 0.706019 0.011458 0.021296
1 0.827083 0.758796 0.012500 0.021296
1 0.773958 0.706944 0.012500 0.028704
