0 0.753125 0.404630 0.113542 0.155556
1 0.659375 0.611574 0.013542 0.028704
1 0.687760 0.641204 0.013021 0.028704
1 0.717187 0.665278 0.007292 0.032407
1 0.656771 0.680556 0.011458 0.037037
1 0.684115 0.701852 0.016146 0.035185
1 0.625260 0.697222 0.020313 0.048148
1 0.645833 0.737963 0.013542 0.024074
1 0.637500 0.778704 0.012500 0.031481
1 0.668750 0.805093 0.025000 0.036111
1 0.675260 0.759722 0.014063 0.032407
1 0.710417 0.755556 0.012500 0.020370
1 0.703906 0.791667 0.013021 0.031481
1 0.740625 0.749074 0.014583 0.020370
1 0.751042 0.799537 0.018750 0.032407
1 0.775781 0.739352 0.010937 0.017593
1 0.788021 0.789352 0.011458 0.039815
