0 0.728906 0.385185 0.116146 0.162963
1 0.674740 0.631944 0.009896 0.015741
1 0.701302 0.656019 0.008854 0.010185
1 0.657292 0.671296 0.007292 0.011111
1 0.685937 0.692593 0.009375 0.012963
1 0.708073 0.698148 0.009896 0.011111
1 0.612760 0.694444 0.004687 0.009259
1 0.640104 0.703241 0.007292 0.008333
1 0.666146 0.720370 0.012500 0.024074
1 0.593229 0.717130 0.006250 0.013889
1 0.616406 0.737963 0.011979 0.024074
1 0.642969 0.752315 0.010937 0.013889
1 0.665885 0.781944 0.009896 0.019444
1 0.624479 0.780556 0.006250 0.012963
1 0.645573 0.822685 0.008854 0.013889
