0 0.796615 0.296759 0.117188 0.136111
1 0.855208 0.558333 0.023958 0.048148
1 0.818490 0.492130 0.020313 0.036111
1 0.760677 0.466204 0.028646 0.050926
1 0.723958 0.466667 0.018750 0.040741
1 0.692708 0.491667 0.020833 0.048148
1 0.661719 0.507870 0.018229 0.039815
1 0.635156 0.520833 0.020313 0.056481
1 0.603385 0.545833 0.025521 0.050926
1 0.572917 0.528704 0.017708 0.046296
1 0.535417 0.595370 0.018750 0.057407
1 0.566406 0.612037 0.028646 0.062963
1 0.569010 0.700926 0.023438 0.070370
1 0.531510 0.700463 0.026562 0.060185
1 0.612760 0.676852 0.027604 0.070370
1 0.653125 0.601389 0.023958 0.050926
1 0.703385 0.581481 0.034896 0.068519
1 0.759635 0.562963 0.026562 0.070370
1 0.809375 0.572685 0.028125 0.060185
1 0.550781 0.791667 0.024479 0.057407
1 0.514844 0.787500 0.022396 0.065741
