0 0.734115 0.234722 0.141146 0.121296
1 0.549479 0.512963 0.021875 0.040741
1 0.490885 0.586111 0.023438 0.046296
1 0.537760 0.592130 0.023438 0.045370
1 0.585938 0.588426 0.026042 0.052778
1 0.612760 0.522685 0.027604 0.043519
1 0.516667 0.680093 0.022917 0.037963
1 0.569531 0.684722 0.027604 0.045370
1 0.665365 0.495370 0.025521 0.037037
1 0.726562 0.493519 0.026042 0.046296
1 0.781250 0.496296 0.034375 0.061111
1 0.852083 0.506019 0.025000 0.037963
1 0.885156 0.583796 0.023438 0.041667
1 0.841927 0.640741 0.029687 0.046296
1 0.614844 0.676852 0.023438 0.044444
1 0.484375 0.767593 0.028125 0.038889
1 0.543490 0.829167 0.029687 0.052778
1 0.545833 0.763889 0.027083 0.037037
1 0.638021 0.598148 0.033333 0.048148
1 0.699740 0.597222 0.034896 0.068519
1 0.773177 0.605556 0.033854 0.064815
